13,182
13,181
12,432
12,431
12,430
12,429
13,180
13,179
12,428
12,427
13,178
13,177
13,176
13,175
12,426
12,425
12,424
12,423
13,174
13,173
12,422
12,421
13,172
13,171
12,448
4294967279,454
4294967278,317
13,170
13,169
12,420
12,419
12,418
12,417
13,168
13,167
12,416
12,415
13,166
4294967279,453
13,165
13,164
12,414
12,413
12,412
12,411
4294967279,452
13,163
12,410
12,409
13,162
4294967278,316
4294967279,451
4294967279,450
13,161
13,160
12,408
12,407
12,406
12,405
13,17
13,9
13,159
13,158
12,404
12,403
13,6
13,157
12,402
12,401
13,156
4294967278,315
12,400
12,399
13,155
13,154
4294967278,314
4294967279,449
13,153
12,398
12,397
12,396
12,395
4294967278,313
12,394
12,393
13,152
13,151
12,392
12,391
12,390
12,389
13,150
13,149
12,388
12,387
12,386
13,148
13,147
4294967279,448
4294967278,312
12,385
13,146
13,145
13,144
13,143
13,142
13,141
13,140
13,139
13,138
13,137
12,319
12,318
12,317
13,136
13,135
12,316
12,315
13,134
13,133
4294967279,318
12,314
12,313
13,132
13,131
12,312
12,311
12,310
13,130
12,309
12,308
13,129
4294967279,317
4294967278,311
12,307
12,306
12,305
12,304
13,383
13,382
12,303
12,302
12,384
13,381
13,380
13,379
13,378
12,301
12,300
12,299
12,298
13,377
13,376
12,297
12,296
13,375
13,374
13,373
13,372
12,295
12,294
12,293
12,292
13,371
13,370
12,291
12,290
13,369
13,368
13,367
12,289
13,366
13,365
12,288
12,287
12,286
12,285
13,364
13,363
12,284
12,283
13,362
13,361
13,360
13,359
12,282
12,281
12,280
12,279
13,358
13,357
12,278
12,277
13,356
13,355
13,354
13,353
13,352
13,351
12,276
12,275
12,274
12,273
13,350
13,349
12,272
12,271
13,348
13,347
13,346
13,345
12,270
12,269
12,268
12,267
13,344
13,343
12,266
12,265
12,264
13,342
13,341
4294967278,309
12,263
12,262
13,340
13,339
12,261
12,260
12,259
12,258
13,338
13,337
12,257
12,144
13,336
13,335
13,334
13,333
12,227
13,332
13,331
12,383
12,382
13,330
13,329
4294967278,308
4294967279,316
13,328
13,327
12,381
12,380
12,379
12,378
13,326
13,325
12,377
12,376
13,324
13,323
4294967279,315
13,322
13,321
12,375
12,374
12,373
12,372
4294967278,307
13,255
13,110
13,102
13,319
13,318
12,371
12,370
12,369
12,368
13,317
13,316
12,367
12,366
12,365
12,364
13,315
13,314
12,363
12,362
13,313
13,312
13,311
13,310
12,361
12,360
12,359
12,358
13,309
13,308
13,128
12,357
12,356
13,307
13,306
13,320
13,305
13,304
12,355
12,354
12,353
12,352
13,303
13,302
12,49
12,351
12,350
12,43
13,301
13,300
13,299
13,298
12,349
12,348
12,347
12,346
13,297
13,296
12,345
12,344
13,295
13,294
13,293
13,292
12,343
12,342
12,341
12,340
13,291
13,290
12,48
12,20
12,339
12,338
13,289
12,337
12,336
13,288
13,287
12,8
12,335
13,286
13,285
12,334
12,333
4294967278,306
4294967278,305
4294967278,304
4294967278,303
4294967279,313
4294967278,302
12,47
4294967278,301
12,46
13,284
12,332
12,331
4294967278,300
4294967278,299
4294967279,478
11,299
11,298
11,297
11,296
11,295
11,294
11,293
11,292
11,291
11,290
11,289
11,288
11,287
11,265
4294967294,460
4294967279,312
4294967278,384
4294967293,131
4294967293,130
4294967293,129
4294967293,128
4294967293,127
4294967293,126
4294967293,125
4294967293,124
4294967293,123
4294967293,122
4294967293,121
4294967293,120
4294967293,119
4294967293,118
4294967293,117
4294967293,116
4294967293,115
4294967293,114
4294967293,113
4294967293,112
4294967293,111
4294967293,110
4294967293,109
4294967293,108
4294967293,107
4294967293,106
4294967293,105
4294967293,104
4294967293,103
4294967293,102
4294967293,101
4294967293,100
4294967293,99
4294967293,98
4294967293,97
4294967293,96
4294967293,95
4294967293,94
4294967293,93
4294967293,92
4294967293,91
4294967293,90
4294967293,89
4294967293,88
4294967293,87
4294967293,86
4294967293,85
4294967293,84
4294967293,83
4294967293,82
4294967293,81
4294967293,80
4294967293,79
4294967293,78
4294967293,77
4294967293,76
4294967293,75
4294967293,74
4294967293,73
4294967293,72
4294967293,71
4294967293,70
4294967293,69
4294967293,68
4294967293,67
4294967293,66
4294967293,65
4294967293,64
4294967293,63
4294967293,62
4294967293,61
4294967293,60
4294967293,59
4294967293,58
4294967293,57
4294967293,56
4294967293,55
4294967293,54
4294967293,53
4294967293,52
4294967293,51
4294967293,50
4294967293,49
4294967293,48
4294967293,47
4294967293,46
4294967293,45
4294967293,44
4294967293,43
4294967293,42
4294967293,41
4294967293,40
4294967293,39
4294967293,38
4294967293,37
4294967293,36
4294967293,35
4294967293,34
4294967293,33
4294967293,32
4294967293,31
4294967293,30
4294967293,29
4294967293,28
4294967293,27
4294967293,26
4294967293,25
4294967293,24
4294967293,23
4294967293,22
4294967293,21
4294967293,20
4294967293,19
4294967293,18
4294967293,17
4294967293,16
4294967293,15
4294967293,14
4294967293,13
4294967293,12
4294967293,11
4294967293,10
4294967293,9
4294967293,8
4294967293,7
4294967293,6
4294967293,5
4294967293,4
4294967293,3
4294967293,2
4243767290,0
4243767289,0
4243767288,0
4243767287,0
4243767286,0
4243767285,0
4243767284,0
4243767283,0
4243767282,0
4243767281,0
4294967293,0
4294967279,506
4294967279,420
4294967279,205
4294967279,206
4294967279,92
4294967279,93
4294967279,431
4294967279,304
4294967279,207
4294967279,208
4294967279,94
4294967279,95
4294967279,482
4294967279,490
4294967279,209
4294967279,210
4294967279,96
4294967279,97
4294967279,310
4294967279,394
4294967279,212
4294967279,211
4294967279,98
4294967279,99
4294967279,485
4294967279,416
4294967279,213
4294967279,214
4294967279,100
4294967279,101
4294967279,280
4294967279,286
4294967279,421
4294967279,216
4294967279,102
4294967279,103
4294967279,475
4294967279,385
4294967279,218
